,City,Latitude,Longitude,Max Temp,Humidity,Cloudiness,Wind Speed,Country,Date
0,George Town,5.4112,100.3354,89.01,66,20,8.05,MY,1611728730
1,Sémbé,1.6481,14.5806,70.61,92,52,2.93,CG,1611728360
2,Leningradskiy,69.3833,178.4167,-22.45,86,94,3.85,RU,1611728853
3,Busselton,-33.65,115.3333,73.99,45,0,8.01,AU,1611728831
4,São Gabriel da Cachoeira,-0.1303,-67.0892,71.2,98,76,0.74,BR,1611728722
5,East London,-33.0153,27.9116,68.0,83,20,5.75,ZA,1611728360
6,Kavieng,-2.5744,150.7967,84.61,75,91,11.21,PG,1611728296
7,Rawson,-43.3002,-65.1023,62.8,37,4,9.86,AR,1611728360
8,Den Helder,52.9599,4.7593,37.4,93,90,17.27,NL,1611728360
9,Pontes e Lacerda,-15.2261,-59.3353,72.68,91,100,2.37,BR,1611728224
10,Sakakah,29.9697,40.2064,50.0,32,0,6.91,SA,1611728361
11,Vaini,-21.2,-175.2,77.0,94,75,5.75,TO,1611728361
12,Port Hardy,50.6996,-127.4199,41.0,70,75,13.8,CA,1611728361
13,Chirilagua,13.2203,-88.1386,71.8,86,0,2.51,SV,1611728361
14,Cervo,43.6702,-7.4101,55.99,100,78,5.99,ES,1611728362
15,Nikolskoye,59.7035,30.7861,34.0,93,90,4.47,RU,1611728362
16,Hobart,-42.8794,147.3294,64.99,47,75,16.11,AU,1611728284
17,Castro,-24.7911,-50.0119,63.12,94,88,3.47,BR,1611728856
18,Alamogordo,32.8995,-105.9603,30.0,68,1,4.61,US,1611728856
19,Vostok,46.4856,135.8833,4.55,93,100,11.95,RU,1611728856
20,Punta Arenas,-53.15,-70.9167,41.0,75,75,11.5,CL,1611728279
21,Kyshtovka,56.555,76.6271,32.22,97,100,15.03,RU,1611728857
22,Port Elizabeth,-33.918,25.5701,69.8,88,40,11.5,ZA,1611728857
23,Riyadh,24.6877,46.7219,66.2,22,0,7.72,SA,1611728604
24,Kapaa,22.0752,-159.319,75.2,83,75,16.11,US,1611728858
25,Kulim,5.365,100.5618,89.01,66,20,8.05,MY,1611728858
26,Bambous Virieux,-20.3428,57.7575,86.0,58,40,8.05,MU,1611728858
27,Inhambane,-23.865,35.3833,86.0,79,40,9.22,MZ,1611728858
28,Provideniya,64.3833,-173.3,0.66,89,95,17.6,RU,1611728830
29,Kahului,20.8947,-156.47,75.2,64,20,14.97,US,1611728680
30,Hithadhoo,-0.6,73.0833,81.16,77,100,17.25,MV,1611728859
31,Viedma,-40.8135,-62.9967,57.76,70,0,4.23,AR,1611728859
32,Iskateley,67.6803,53.1512,-13.77,85,100,12.55,RU,1611728859
33,Kongsvinger,60.1905,11.9977,9.0,92,20,3.44,NO,1611728860
34,Bluff,-46.6,168.3333,60.01,78,100,21.99,NZ,1611728860
35,Morant Bay,17.8815,-76.4093,70.0,81,63,1.99,JM,1611728860
36,Shitanjing,39.2342,106.3439,21.38,74,56,39.44,CN,1611728860
37,Porais,15.7544,121.0428,78.8,76,93,11.36,PH,1611728860
38,Merauke,-8.4667,140.3333,83.14,81,99,18.12,ID,1611728861
39,Atuona,-9.8,-139.0333,78.84,76,5,18.52,PF,1611728861
40,San Cristobal,7.7669,-72.225,63.21,80,83,2.19,VE,1611728861
41,Rikitea,-23.1203,-134.9692,79.99,75,18,9.53,PF,1611728861
42,São João da Barra,-21.6403,-41.0511,75.92,82,91,16.02,BR,1611728596
43,Yellowknife,62.456,-114.3525,-9.99,77,90,4.61,CA,1611728854
44,Şereflikoçhisar,38.9393,33.5386,45.79,61,100,17.18,TR,1611728862
45,Norman Wells,65.282,-126.8329,-20.2,76,75,2.3,CA,1611728862
46,Vardø,70.3705,31.1107,24.8,80,75,23.02,NO,1611728862
47,Ishigaki,24.3448,124.1572,68.0,68,75,14.97,JP,1611728863
48,Ginir,7.1333,40.7,64.81,29,0,3.38,ET,1611728863
49,Ko Samui,9.5357,99.9357,86.0,70,20,12.66,TH,1611728863
50,Barrow,71.2906,-156.7887,-16.6,76,75,8.05,US,1611728863
51,Nome,64.5011,-165.4064,8.6,78,90,4.61,US,1611728607
52,Cape Town,-33.9258,18.4232,70.0,77,75,14.97,ZA,1611728671
53,Yeppoon,-23.1333,150.7333,89.6,43,5,12.66,AU,1611728864
54,Christchurch,-43.5333,172.6333,82.99,23,43,17.27,NZ,1611728864
55,Gyulaháza,48.1333,22.1167,21.99,93,3,6.35,HU,1611728864
56,Nsanje,-16.92,35.262,81.18,80,9,1.72,MW,1611728865
57,Lebu,-37.6167,-73.65,54.18,79,85,13.27,CL,1611728865
58,Mataura,-46.1927,168.8643,60.01,78,99,21.99,NZ,1611728865
59,Salinópolis,-0.6136,-47.3561,78.91,85,100,8.43,BR,1611728865
60,Tambopata,-12.7333,-69.1833,71.47,99,99,2.33,PE,1611728855
61,Ushuaia,-54.8,-68.3,39.2,81,75,17.27,AR,1611728821
62,Iqaluit,63.7506,-68.5145,-9.0,70,1,5.75,CA,1611728841
63,Esperance,-33.8667,121.9,64.4,94,90,14.97,AU,1611728866
64,Correntina,-13.3433,-44.6367,68.83,76,76,4.16,BR,1611728866
65,Caucayá,-0.1934,-74.7819,72.54,97,100,1.63,CO,1611728867
66,Kalmunai,7.4167,81.8167,79.72,73,95,12.91,LK,1611728867
67,Bethel,41.3712,-73.414,28.4,93,90,1.05,US,1611728860
68,Mandalgovi,45.7625,106.2708,-1.44,76,63,23.67,MN,1611728830
69,Byron Bay,-28.65,153.6167,84.2,69,0,13.8,AU,1611728867
70,Daru,-9.0763,143.2092,89.73,66,95,6.31,PG,1611728868
71,Richmond,37.5538,-77.4603,41.0,100,90,3.44,US,1611728834
72,Puerto Ayora,-0.7393,-90.3518,77.0,95,47,5.01,EC,1611728860
73,Albany,42.6001,-73.9662,26.01,81,100,1.99,US,1611728868
74,Tuktoyaktuk,69.4541,-133.0374,-13.0,77,90,16.11,CA,1611728868
75,Llata,-9.4167,-76.7833,53.82,70,100,1.28,PE,1611728869
76,Souillac,-20.5167,57.5167,86.0,58,40,8.05,MU,1611728869
77,Qasigiannguit,68.8193,-51.1922,-0.78,87,40,3.74,GL,1611728869
78,Puerto del Rosario,28.5004,-13.8627,64.4,82,40,11.5,ES,1611728869
79,Saint Paul Harbor,57.79,-152.4072,33.8,55,1,10.36,US,1611728688
80,Kozhva,65.1073,57.0459,-9.08,90,100,5.53,RU,1611728870
81,Vaitape,-16.5167,-151.75,82.17,71,70,16.53,PF,1611728870
82,Lavrentiya,65.5833,-171.0,-4.49,87,74,5.3,RU,1611728870
83,Tegul'det,57.3064,88.1667,6.82,94,100,8.97,RU,1611728871
84,Arraial do Cabo,-22.9661,-42.0278,76.3,86,57,26.84,BR,1611728687
85,Katsuura,35.1333,140.3,54.0,87,75,9.22,JP,1611728871
86,Road Town,18.4167,-64.6167,75.99,76,22,15.01,VG,1611728732
87,Ketchikan,55.3422,-131.6461,26.6,93,1,6.91,US,1611728698
88,Faya,18.3851,42.4509,62.6,36,0,4.61,SA,1611728872
89,Macenta,8.5435,-9.471,61.38,67,1,0.94,GN,1611728872
90,Maceió,-9.6658,-35.7353,73.4,94,75,3.44,BR,1611728620
91,Longyearbyen,78.2186,15.6401,10.4,52,0,17.27,SJ,1611728663
92,Qaanaaq,77.484,-69.3632,-16.83,63,0,6.89,GL,1611728835
93,Sumter,28.7086,-82.0831,66.0,94,0,5.01,US,1611728873
94,Airai,-8.9266,125.4092,73.6,74,84,4.88,TL,1611728873
95,Cidreira,-30.1811,-50.2056,75.76,85,100,5.48,BR,1611728873
96,Ust-Tsilma,65.441,52.1498,-5.28,91,100,7.81,RU,1611728873
97,Bay Roberts,47.5999,-53.2648,33.01,90,100,5.99,CA,1611728874
98,Zyryanovsk,49.7386,84.2719,5.77,91,100,0.63,KZ,1611728874
99,Lakshmeshwar,15.1333,75.4667,78.8,41,0,4.61,IN,1611728874
100,Itarema,-2.9248,-39.9167,79.11,81,61,11.34,BR,1611728875
101,Torbay,47.6666,-52.7314,33.01,100,90,23.02,CA,1611728875
102,Jamestown,42.097,-79.2353,27.0,93,90,6.02,US,1611728875
103,Atasū,48.6814,71.6433,20.48,97,100,4.92,KZ,1611728875
104,Sistranda,63.7256,8.834,33.8,80,40,18.41,NO,1611728875
105,Dikson,73.5069,80.5464,-22.65,86,100,6.55,RU,1611728875
106,St. George's,12.0564,-61.7485,77.0,78,20,9.22,GD,1611728876
107,Champerico,14.3,-91.9167,64.99,95,12,8.34,GT,1611728876
108,Sítio Novo do Tocantins,-5.5183,-47.4611,78.8,94,0,1.59,BR,1611728876
109,Kākināda,16.9333,82.2167,84.2,54,20,7.14,IN,1611728876
110,Sainte-Suzanne,-20.9061,55.6089,86.0,58,0,5.75,RE,1611728876
111,Nkhotakota,-12.9274,34.2961,76.28,76,100,3.2,MW,1611728877
112,Husavik,66.0449,-17.3389,10.4,85,75,5.03,IS,1611728877
113,Doha,25.2867,51.5333,69.8,56,0,9.22,QA,1611728662
114,Avarua,-21.2078,-159.775,78.8,89,40,9.22,CK,1611728823
115,Mehamn,71.0357,27.8492,24.8,80,75,12.66,NO,1611728877
116,Miramar,25.9873,-80.2323,69.8,94,20,6.31,US,1611728878
117,Saint-Philippe,-21.3585,55.7679,86.0,51,0,8.05,RE,1611728878
118,Santa Maria,-29.6842,-53.8069,72.91,93,100,7.72,BR,1611728878
119,Saldanha,-33.0117,17.9442,66.2,77,3,13.8,ZA,1611728878
120,Bairiki Village,1.3292,172.9752,80.6,89,40,9.22,KI,1611728879
121,Pangnirtung,66.1451,-65.7125,4.42,66,0,1.54,CA,1611728879
122,Carnarvon,-24.8667,113.6333,82.4,44,0,24.16,AU,1611728879
123,Constitución,-35.3333,-72.4167,55.02,63,9,5.95,CL,1611728879
124,Uyuni,-20.4597,-66.825,44.92,56,0,7.18,BO,1611728879
125,Port Lincoln,-34.7333,135.8667,69.24,62,73,10.33,AU,1611728880
126,Vidim,56.4088,103.1106,-13.58,84,2,2.04,RU,1611728880
127,Billings Metropolitan Area,45.7833,-108.5007,14.0,85,20,3.44,US,1611728701
128,Necochea,-38.5473,-58.7368,62.01,87,69,11.21,AR,1611728880
129,Vakhrushevo,55.2317,61.7173,33.8,60,20,8.95,RU,1611728880
130,Mulchén,-37.7167,-72.2333,51.87,68,96,5.32,CL,1611728881
131,Tautira,-17.7333,-149.15,78.8,78,75,2.3,PF,1611728881
132,São Filipe,14.8961,-24.4956,72.09,70,0,5.14,CV,1611728881
133,Huambo,-12.7761,15.7392,58.95,71,93,2.28,AO,1611728881
134,Ewo,-0.8725,14.8206,72.36,90,100,8.46,CG,1611728881
135,Luziânia,-16.2525,-47.9503,66.2,88,75,3.44,BR,1611728882
136,Starosubkhangulovo,53.1031,57.4423,26.94,96,100,6.51,RU,1611728882
137,Ponnāni,10.767,75.9252,86.0,51,20,2.3,IN,1611728882
138,Denpasar,-8.65,115.2167,86.0,74,40,14.97,ID,1611728882
139,New Norfolk,-42.7826,147.0587,64.99,35,69,1.01,AU,1611728883
140,Hastings,50.8552,0.5729,46.99,89,100,1.99,GB,1611728883
141,Araouane,18.9048,-3.5265,62.17,26,0,11.12,ML,1611728883
142,Faanui,-16.4833,-151.75,81.91,73,81,17.78,PF,1611728862
143,Dolores,-36.3132,-57.6792,65.41,91,100,5.03,AR,1611728651
144,Mengcheng,33.2579,116.5655,51.12,48,3,5.57,CN,1611728884
145,Tuatapere,-46.1333,167.6833,60.01,78,90,21.99,NZ,1611728884
146,Sioux Lookout,50.1001,-91.917,-18.4,76,20,3.44,CA,1611728884
147,Bosaso,11.2842,49.1816,75.2,73,20,8.05,SO,1611728884
148,Namatanai,-3.6667,152.4333,84.99,70,93,8.05,PG,1611728885
149,Mahébourg,-20.4081,57.7,86.0,58,40,8.05,MU,1611728885
150,Ubari,26.5921,12.7805,47.3,81,0,6.71,LY,1611728885
151,Clyde River,70.4692,-68.5914,1.4,66,1,5.75,CA,1611728885
152,Benguela,-12.5763,13.4055,76.53,73,99,0.89,AO,1611728885
153,Agirish,61.9247,63.0231,-2.16,93,100,5.08,RU,1611728886
154,Anadyr,64.75,177.4833,6.8,78,90,22.37,RU,1611728886
155,Shingū,33.7333,135.9833,57.2,54,40,19.57,JP,1611728886
156,Liverpool,53.4106,-2.9779,48.0,100,90,4.61,GB,1611728629
157,Chokurdakh,70.6333,147.9167,-28.39,84,96,8.81,RU,1611728887
158,Paraíso,9.8383,-83.8656,68.0,68,0,10.36,CR,1611728887
159,Hilo,19.7297,-155.09,71.6,88,90,4.61,US,1611728888
160,Nanortalik,60.1432,-45.2371,15.49,82,1,4.12,GL,1611728888
161,Bredasdorp,-34.5322,20.0403,64.4,88,81,9.22,ZA,1611728833
162,Maragogi,-9.0122,-35.2225,76.96,84,62,10.71,BR,1611728888
163,Teahupoo,-17.8333,-149.2667,78.8,78,75,2.3,PF,1611728888
164,Los Llanos de Aridane,28.6585,-17.9182,64.4,77,75,10.36,ES,1611728889
165,Monrovia,6.3005,-10.7969,75.2,94,40,5.41,LR,1611728889
166,Bilibino,68.0546,166.4372,-18.02,82,100,6.49,RU,1611728889
167,Padang,-0.9492,100.3543,87.8,66,20,8.05,ID,1611728889
168,Fortuna,40.5982,-124.1573,42.01,93,90,19.57,US,1611728889
169,Fairbanks,64.8378,-147.7164,-9.99,76,1,3.44,US,1611728849
170,Bud,39.447,-86.1758,30.99,88,48,6.13,US,1611728890
171,Ahipara,-35.1667,173.1667,71.33,72,71,6.44,NZ,1611728890
172,Lovozero,68.005,35.0117,1.78,93,100,5.73,RU,1611728890
173,Maniitsoq,65.4167,-52.9,12.18,85,1,6.62,GL,1611728891
174,Saint Anthony,45.0205,-93.218,12.2,52,90,4.61,US,1611728891
175,Tokur,53.1333,132.9,-15.59,90,100,6.04,RU,1611728891
176,Forsytheganj,52.6333,29.7333,28.51,96,99,11.5,BY,1611728890
177,Rundu,-17.9333,19.7667,68.94,86,100,5.28,NA,1611728892
178,Ponta do Sol,32.6667,-17.1,62.6,82,75,3.44,PT,1611728892
179,Bilma,18.6853,12.9164,58.96,26,0,9.86,NE,1611728875
180,Marzuq,14.4,46.4667,66.11,26,0,2.91,YE,1611728892
181,Cabo San Lucas,22.8909,-109.9124,57.99,69,67,4.0,MX,1611728783
182,Dwārka,22.2394,68.9678,71.89,30,0,12.75,IN,1611728893
183,Hermanus,-34.4187,19.2345,64.99,95,83,14.12,ZA,1611728893
184,Saint George,37.1041,-113.5841,37.4,75,90,2.57,US,1611728893
185,Pevek,69.7008,170.3133,-28.01,85,41,4.85,RU,1611728827
186,Vredendal,-31.6683,18.5012,64.29,71,23,1.01,ZA,1611728894
187,Smithers,54.7804,-127.1743,17.6,93,90,0.45,CA,1611728894
188,Ilulissat,69.2167,-51.1,0.59,91,94,3.85,GL,1611728894
189,Upernavik,72.7868,-56.1549,-2.04,83,68,6.62,GL,1611728870
190,Mugumu,-1.85,34.7,65.73,70,0,4.88,TZ,1611728894
191,Sobolevo,54.4299,31.8996,30.09,98,100,17.6,RU,1611728895
192,Balkhash,46.844,74.9804,5.0,85,0,8.95,KZ,1611728895
193,Vestmannaeyjar,63.4427,-20.2734,34.11,85,100,30.56,IS,1611728895
194,Dali,25.7,100.1833,60.75,30,0,9.28,CN,1611728895
195,Kaeo,-35.1,173.7833,78.01,71,28,5.01,NZ,1611728866
196,Beyneu,45.3167,55.2,31.59,91,2,18.52,KZ,1611728896
197,San Patricio,28.017,-97.5169,66.99,100,90,4.61,US,1611728896
198,Halifax,44.6453,-63.5724,30.99,86,99,3.44,CA,1611728845
199,Deep River,46.1001,-77.4995,19.4,79,90,4.61,CA,1611728896
200,Yar-Sale,66.8333,70.8333,-34.49,81,0,12.82,RU,1611728896
201,Los Andes,-32.8337,-70.5983,68.0,58,0,1.01,CL,1611728897
202,Yulara,-25.2406,130.9889,82.4,65,40,14.97,AU,1611728897
203,Ola,59.5833,151.2833,-7.31,84,84,9.17,RU,1611728897
204,Barra de Tecoanapa,16.5167,-98.75,73.71,81,7,4.47,MX,1611728897
205,Port Blair,11.6667,92.75,82.54,71,42,14.36,IN,1611728898
206,Kandrian,-6.2167,149.55,87.06,69,40,6.31,PG,1611728898
207,Yārāda,17.65,83.2667,82.4,61,40,8.05,IN,1611728898
208,Saskylakh,71.9167,114.0833,-38.07,81,20,1.57,RU,1611728898
209,Emba,48.8264,58.1442,17.85,96,2,6.93,KZ,1611728899
210,Shāmgarh,24.1833,75.6333,66.07,27,0,9.91,IN,1611728899
211,Bonanza,14.0289,-84.591,67.15,96,5,1.52,NI,1611728899
212,Beloha,-25.1667,45.05,85.23,58,99,8.32,MG,1611728899
213,Srednekolymsk,67.45,153.6833,-28.03,84,100,8.34,RU,1611728821
214,Spasskoye,44.6108,132.7969,12.81,89,8,9.42,RU,1611728900
215,Butaritari,3.0707,172.7902,81.27,78,16,10.04,KI,1611728900
216,Eirunepé,-6.6603,-69.8736,72.28,95,100,1.45,BR,1611728900
217,Tupik,54.4253,119.9327,-14.87,82,100,11.1,RU,1611728901
218,Dori,14.0354,-0.0345,62.46,22,51,9.64,BF,1611728901
219,Codajás,-3.8367,-62.0569,73.51,98,87,1.74,BR,1611728901
220,Arrifes,37.7667,-25.7,62.01,100,75,23.02,PT,1611728901
221,Lompoc,34.6391,-120.4579,50.0,71,90,8.05,US,1611728847
222,Hong Kong,22.2855,114.1577,71.01,67,45,3.0,HK,1611728902
223,Tolaga Bay,-38.3667,178.3,83.19,48,0,9.44,NZ,1611728902
224,Granada,37.1882,-3.6067,53.6,93,90,2.42,ES,1611728752
225,Zhireken,52.8249,117.3076,-9.09,79,100,6.24,RU,1611728902
226,Vulcan,45.3833,23.2667,23.41,94,100,7.78,RO,1611728903
227,Buraidah,26.326,43.975,57.2,58,0,4.61,SA,1611728903
228,Taoudenni,22.6783,-3.9836,63.81,27,0,13.49,ML,1611728903
229,Neiafu,-18.65,-173.9833,75.2,94,90,12.66,TO,1611728903
230,Lüderitz,-26.6481,15.1594,66.65,59,3,25.48,NA,1611728903
231,Fagersta,60.0042,15.7932,12.99,92,2,1.14,SE,1611728904
232,Seoul,37.5683,126.9778,44.6,19,0,9.22,KR,1611728639
233,Puerto Peñasco,31.3167,-113.5333,55.78,41,0,8.52,MX,1611728904
234,Celestún,20.8667,-90.4,76.26,81,23,13.11,MX,1611728904
235,Mahārāganj,27.1333,83.5667,66.43,42,0,5.86,IN,1611728904
236,Mar del Plata,-38.0023,-57.5575,66.2,82,40,11.5,AR,1611728824
237,Lata,40.1629,-8.3327,57.99,96,92,1.32,PT,1611728905
238,Thinadhoo,0.5333,72.9333,81.45,75,88,12.82,MV,1611728905
239,Blackwater,-23.5833,148.8833,96.84,24,17,13.71,AU,1611728905
240,Sālūmbar,24.1333,74.05,60.8,44,0,5.75,IN,1611728905
241,Misratah,32.3754,15.0925,55.74,59,23,15.75,LY,1611728906
242,Antofagasta,-23.65,-70.4,64.4,82,0,9.22,CL,1611728906
243,Santo Tomas,14.1079,121.1414,87.01,74,75,4.61,PH,1611728906
244,Bereda,43.2686,-7.5406,57.99,100,96,5.99,ES,1611728906
245,Kirakira,-10.4544,161.9205,80.37,84,98,14.38,SB,1611728906
246,San Joaquin,37.9333,-121.3011,48.2,57,90,39.12,US,1611728907
247,Berëzovka,53.7214,25.4993,29.75,98,100,13.91,BY,1611728907
248,Scarborough,54.2797,-0.4044,43.0,95,90,1.01,GB,1611728907
249,Conde,-7.2597,-34.9075,75.2,94,20,6.91,BR,1611728907
250,Verkhnevilyuysk,63.4453,120.3167,-42.93,80,75,3.69,RU,1611728907
251,Ancud,-41.8697,-73.8203,53.01,93,40,4.61,CL,1611728908
252,San Jose,37.3394,-121.895,45.0,76,90,28.77,US,1611728839
253,Tasiilaq,65.6145,-37.6368,12.15,91,100,10.94,GL,1611728908
254,Kruisfontein,-34.0033,24.7314,72.0,80,100,1.01,ZA,1611728897
255,Río Gallegos,-51.6226,-69.2181,41.0,70,0,10.36,AR,1611728902
256,Bengkulu,-3.8004,102.2655,77.58,81,100,3.29,ID,1611728855
257,Kuito,-12.3833,16.9333,59.7,84,99,5.82,AO,1611728656
258,Fukuechō,32.6881,128.8419,55.4,54,40,18.41,JP,1611728909
259,Prince Rupert,54.3161,-130.3201,33.8,86,1,6.91,CA,1611728909
260,Ushtobe,45.2514,77.9838,15.31,91,68,6.58,KZ,1611728909
261,Lucapa,-8.4192,20.7447,67.44,89,96,1.12,AO,1611728909
262,Vao,-22.6667,167.4833,76.89,79,61,21.14,NC,1611728881
263,Miyang,24.4042,103.4428,72.32,33,49,13.13,CN,1611728910
264,Kushiro,42.975,144.3747,33.8,86,75,1.14,JP,1611728910
265,Khatanga,71.9667,102.5,-26.34,81,30,9.17,RU,1611728836
266,Tyukhtet,56.5389,89.3011,-0.49,93,100,11.43,RU,1611728911
267,Amazar,53.858,120.875,-15.27,80,100,8.25,RU,1611728911
268,Klaksvík,62.2266,-6.589,33.8,75,42,3.44,FO,1611728911
269,Yamada,39.4667,141.95,47.1,67,100,4.61,JP,1611728911
270,Kushmurun,52.4503,64.6311,23.07,97,97,10.22,KZ,1611728911
271,Oussouye,12.485,-16.5469,62.6,94,0,4.61,SN,1611728912
272,Skegness,53.1436,0.3363,42.01,100,75,6.91,GB,1611728664
273,Bogale,16.2833,95.4,92.01,28,11,5.95,MM,1611728912
274,Dicabisagan,17.0818,122.4157,74.73,83,99,10.6,PH,1611728912
275,Paraopeba,-19.2757,-44.4033,66.2,77,0,5.55,BR,1611728912
276,Puerto Suárez,-18.95,-57.8,73.4,94,100,2.77,BO,1611728913
277,Chilca,-12.5211,-76.7372,70.0,90,100,1.54,PE,1611728913
278,Vichten,49.8031,6.0,33.01,91,100,13.76,LU,1611728913
279,Coyhaique,-45.5752,-72.0662,48.2,93,90,2.3,CL,1611728913
280,Gamba,-2.65,10.0,77.05,91,100,5.59,GA,1611728914
281,Ishinomaki,38.4167,141.3,48.2,49,75,25.32,JP,1611728914
282,Kutum,14.2,24.6667,64.0,25,50,2.68,SD,1611728914
283,Hasaki,35.7333,140.8333,55.0,82,75,3.44,JP,1611728914
284,Munich,48.1374,11.5755,23.0,88,100,5.14,DE,1611728631
285,Sitārganj,28.9333,79.7,65.19,42,0,5.01,IN,1611728915
286,Sørland,67.667,12.6934,28.4,74,20,5.75,NO,1611728915
287,Altay,47.8667,88.1167,6.8,79,62,0.98,CN,1611728915
288,Sibolga,1.7427,98.7792,86.32,62,82,3.6,ID,1611728915
289,Shchigry,51.8755,36.9043,30.2,100,0,4.47,RU,1611728915
290,Putina,-15.4667,-69.4333,45.9,62,60,7.92,PE,1611728916
291,Ayan,56.45,138.1667,-4.23,90,100,10.49,RU,1611728916
292,Kununurra,-15.7667,128.7333,78.8,100,90,6.91,AU,1611728916
293,Tessalit,20.1986,1.0114,60.75,28,0,10.31,ML,1611728916
294,Ambulu,-8.345,113.6058,82.69,73,93,4.45,ID,1611728917
295,Nortelândia,-14.4547,-56.8028,73.04,90,100,5.03,BR,1611728917
296,Kristinestad,62.2743,21.376,23.22,96,100,13.8,FI,1611728917
297,Inírida,3.8653,-67.9239,71.69,94,65,0.54,CO,1611728917
298,Pierre,44.3683,-100.351,14.0,79,90,6.91,US,1611728917
299,Jalu,29.0331,21.5482,53.6,70,0,16.13,LY,1611728918
300,Praia da Vitória,38.7333,-27.0667,62.01,89,65,13.0,PT,1611728847
301,Muros,42.7762,-9.0603,55.99,96,100,1.99,ES,1611728878
302,Sitka,57.0531,-135.33,26.6,50,1,8.16,US,1611728626
303,Owando,-0.4819,15.8999,70.39,94,100,3.58,CG,1611728919
304,Marawi,7.9986,124.2928,84.99,74,100,7.0,PH,1611728919
305,Oktyabr'skiy,54.4815,53.471,16.25,96,100,9.06,RU,1611728919
306,Abu Dhabi,24.4667,54.3667,68.0,77,0,4.61,AE,1611728919
307,Esim,4.8699,-2.2405,77.38,88,86,4.83,GH,1611728919
308,Staryy Nadym,65.6118,72.6842,-35.07,82,40,11.59,RU,1611728920
309,Cherskiy,68.75,161.3,-31.94,82,100,1.34,RU,1611728920
310,Nouadhibou,20.931,-17.0347,67.21,50,0,13.76,MR,1611728920
311,Motomiya,37.5167,140.4,48.0,61,75,11.5,JP,1611728920
312,Broome,42.2506,-75.833,30.0,93,90,6.91,US,1611728920
313,Pisco,-13.7,-76.2167,69.01,87,94,1.01,PE,1611728894
314,Nyagan,62.1406,65.3936,-7.35,89,100,4.25,RU,1611728921
315,Quilalí,13.567,-86.026,66.16,88,8,2.57,NI,1611728921
316,Berdigestyakh,62.0989,126.6992,-45.26,76,100,4.56,RU,1611728921
317,Port Alfred,-33.5906,26.891,69.01,95,100,1.99,ZA,1611728808
318,Alofi,-19.0595,-169.9187,78.8,83,100,6.91,NU,1611728922
319,Usinsk,65.9939,57.5281,-14.26,85,100,16.13,RU,1611728922
320,Henties Bay,-22.116,14.2845,68.0,87,98,4.32,NA,1611728922
321,Beaverlodge,55.2166,-119.4361,1.4,78,90,5.75,CA,1611728922
322,Ostrovnoy,68.0531,39.5131,7.03,94,100,14.47,RU,1611728870
323,Dingle,10.9995,122.6711,82.38,79,100,12.24,PH,1611728923
324,Vanavara,60.34,102.2797,-29.97,81,36,3.22,RU,1611728923
325,Aden,12.7794,45.0367,75.34,70,3,13.98,YE,1611728923
326,Genhe,50.7833,121.5167,-9.81,82,100,6.69,CN,1611728923
327,Coquimbo,-29.9533,-71.3436,59.0,88,0,4.61,CL,1611728924
328,Mogadishu,2.0371,45.3438,80.6,65,75,14.97,SO,1611728924
329,City of San Pedro,14.35,121.0167,87.01,74,75,4.61,PH,1611728832
330,Santa Vitória,-18.8386,-50.1214,71.4,82,92,4.83,BR,1611728924
331,Santa Rosa,14.3122,121.1114,87.01,74,75,4.61,PH,1611728924
332,Zhezkazgan,47.8043,67.7144,14.56,97,45,7.09,KZ,1611728925
333,Eslāmshahr,35.5605,51.2346,44.6,33,0,2.55,IR,1611728925
334,Independence,39.0911,-94.4155,26.6,86,90,10.36,US,1611728914
335,Lena,43.1,-5.7333,57.99,83,96,1.28,ES,1611728925
336,Conceição do Araguaia,-8.2578,-49.2647,72.84,95,78,2.28,BR,1611728925
337,Lagoa,39.05,-27.9833,61.23,81,17,27.02,PT,1611728848
338,Puteyets,65.1716,57.091,-9.47,90,100,6.51,RU,1611728926
339,Wangqing,43.3218,129.7634,16.88,76,0,12.5,CN,1611728926
340,Kumul,42.8,93.45,25.48,76,0,4.21,CN,1611728926
341,Bondo,3.8146,23.6866,72.75,88,27,0.65,CD,1611728927
342,Juneau,58.3019,-134.4197,21.2,49,20,10.76,US,1611728927
343,Paamiut,61.994,-49.6678,14.0,78,0,7.0,GL,1611728848
344,Vanimo,-2.6741,141.3028,78.51,89,100,10.96,PG,1611728927
345,Tual,-5.6667,132.75,82.92,79,99,17.52,ID,1611728927
346,Chui,-33.6971,-53.4616,71.83,93,100,6.82,UY,1611728928
347,Zheleznodorozhnyy,55.7503,38.0042,35.6,64,75,15.66,RU,1611728651
348,Ballina,-28.8667,153.5667,84.2,69,2,13.8,AU,1611728928
349,Palmer,42.1584,-72.3287,30.0,92,98,3.33,US,1611728928
350,Eyl,7.9803,49.8164,77.38,60,28,18.12,SO,1611728929
351,Marovoay,-16.1,46.6333,84.15,77,54,1.05,MG,1611728929
352,Cockburn Town,21.4612,-71.1419,74.93,78,9,18.79,TC,1611728929
353,Yangi Marg`ilon,40.4272,71.7189,37.4,52,17,2.3,UZ,1611728929
354,Hay River,60.8156,-115.7999,-7.6,77,100,5.75,CA,1611728929
355,Dzhebariki-Khaya,62.2167,135.8,-45.94,75,93,0.22,RU,1611728929
356,Aklavik,68.2191,-135.0107,-7.6,77,100,6.91,CA,1611728930
357,Tambovka,50.0969,128.0489,-2.2,50,20,2.24,RU,1611728930
358,High Level,58.5169,-117.136,-5.8,84,90,11.5,CA,1611728666
359,Codrington,-38.2667,141.9667,63.64,63,27,19.46,AU,1611728930
360,Mount Gambier,-37.8333,140.7667,71.6,37,2,18.41,AU,1611728930
361,Little Current,45.9793,-81.9248,14.0,73,73,4.61,CA,1611728931
362,Ust'-Ishim,57.6935,71.1665,25.84,97,100,8.86,RU,1611728931
363,Udachny,66.4167,112.4,-37.8,79,14,2.01,RU,1611728931
364,La Macarena,2.1837,-73.7849,70.88,88,86,1.88,CO,1611728931
365,Tiksi,71.6872,128.8694,-37.84,83,100,4.16,RU,1611728921
366,Victoria Point,-27.5833,153.3,87.01,64,10,4.0,AU,1611728932
367,Livingston,55.9029,-3.5226,37.99,100,90,2.3,GB,1611728781
368,Cayenne,4.9333,-52.3333,77.0,94,75,8.05,GF,1611728849
369,Honiara,-9.4333,159.95,81.73,79,100,7.65,SB,1611728932
370,Chillicothe,39.3331,-82.9824,32.0,100,90,9.22,US,1611728932
371,Storforshei,66.4043,14.5233,14.0,92,75,1.14,NO,1611728933
372,Okha,53.5739,142.9478,4.87,94,100,10.18,RU,1611728911
373,Fort Nelson,58.8053,-122.7002,-7.6,71,90,10.36,CA,1611728933
374,Sühbaatar,50.2314,106.2078,-3.19,79,85,7.07,MN,1611728933
375,Sur,22.5667,59.5289,73.49,51,0,11.45,OM,1611728933
376,Les Cayes,18.2,-73.75,73.02,71,23,4.12,HT,1611728934
377,Jutaí,-5.1833,-68.9,71.71,98,100,1.07,BR,1611728934
378,Severo-Kuril'sk,50.6789,156.125,25.47,95,81,20.33,RU,1611728934
379,Gizo Government Station,-8.103,156.8419,85.3,74,98,12.88,SB,1611728934
380,Ribeira Grande,38.5167,-28.7,62.22,78,35,30.51,PT,1611728934
381,Bocaiúva,-17.1078,-43.815,64.83,89,0,5.01,BR,1611728719
382,Gayny,60.3071,54.3241,25.54,98,99,8.93,RU,1611728935
383,Haines Junction,60.7522,-137.5108,-14.8,76,0,3.44,CA,1611728845
384,Neyshabur,36.2133,58.7958,39.69,58,58,0.47,IR,1611728935
385,Punta de Bombón,-17.1717,-71.7931,69.98,84,62,7.31,PE,1611728935
386,Kaitangata,-46.2817,169.8464,62.01,71,100,25.01,NZ,1611728824
387,Bull Savanna,17.8868,-77.5902,70.25,77,58,10.87,JM,1611728936
388,Kuusamo,65.9667,29.1833,17.6,86,20,5.75,FI,1611728936
389,Meulaboh,4.1363,96.1285,84.96,64,92,5.55,ID,1611728936
390,Ouésso,1.6136,16.0517,73.87,82,43,3.49,CG,1611728936
391,Yaan,7.3833,8.5667,70.09,96,67,5.12,NG,1611728936
392,Boa Vista,2.8197,-60.6733,77.0,73,0,6.91,BR,1611728931
393,Lubango,-14.9172,13.4925,61.99,41,100,3.67,AO,1611728937
394,Agadez,19.75,10.25,56.61,31,0,8.63,NE,1611728937
395,Lubaczów,50.157,23.1234,28.99,93,80,7.0,PL,1611728937
396,Touros,-5.1989,-35.4608,77.34,84,56,11.65,BR,1611728937
397,Mataram,-8.5833,116.1167,86.0,74,75,11.5,ID,1611728938
398,Dapitan,8.6464,123.4208,82.49,75,100,12.97,PH,1611728938
399,Tha Chang,9.2642,99.1922,91.99,66,40,6.91,TH,1611728938
400,Thompson,55.7435,-97.8558,-18.4,76,40,2.3,CA,1611728838
401,Tevaitoa,-16.7833,-151.5,81.82,73,96,18.81,PF,1611728938
402,Örnsköldsvik,63.2909,18.7153,10.4,92,90,8.05,SE,1611728939
403,Mount Isa,-20.7333,139.5,98.6,32,40,11.5,AU,1611728939
404,Sinjār,36.3209,41.8754,47.59,51,95,5.37,IQ,1611728939
405,Arrondissement de Mont-de-Marsan,44.0,-0.6667,55.0,100,90,8.05,FR,1611728939
406,Inverness,57.4791,-4.224,34.0,93,75,2.15,GB,1611728939
407,Stornoway,58.2093,-6.3865,41.0,81,40,14.97,GB,1611728940
408,Saýat,38.7839,63.8803,41.0,70,0,3.56,TM,1611728940
409,Kasangulu,-4.5911,15.1708,75.2,88,20,2.3,CD,1611728940
410,Nioro,13.35,-15.75,66.33,21,0,4.63,GM,1611728940
411,Eidsvåg,62.7767,8.0668,28.4,86,0,2.3,NO,1611728940
412,Te Anau,-45.4167,167.7167,60.06,87,84,6.85,NZ,1611728912
413,Ust'-Omchug,61.15,149.6333,-25.85,81,81,4.94,RU,1611728941
414,Al Bardīyah,31.7561,25.0865,56.7,76,35,20.27,LY,1611728941
415,Salalah,17.0151,54.0924,78.8,44,0,4.61,OM,1611728675
416,Guerrero Negro,27.9769,-114.0611,54.66,61,53,7.63,MX,1611728845
417,Jinchang,38.4953,102.1739,27.28,72,17,14.88,CN,1611728942
418,Terrace,54.5163,-128.6035,23.0,80,20,19.57,CA,1611728942
419,Kloulklubed,7.0419,134.2556,86.0,62,90,10.36,PW,1611728934
420,Sangar,63.9242,127.4739,-49.7,75,75,3.87,RU,1611728942
421,Kasempa,-13.4584,25.8338,64.54,93,99,4.56,ZM,1611728943
422,Ruteng,-8.6136,120.4721,72.05,96,100,4.03,ID,1611728943
423,San Vicente,-26.6167,-54.1333,72.45,80,88,7.56,AR,1611728943
424,Thaton,16.9206,97.3714,94.15,29,3,4.16,MM,1611728943
425,Carutapera,-1.195,-46.02,77.14,89,98,4.43,BR,1611728944
426,Ust'-Kalmanka,52.1207,83.305,23.29,93,100,22.97,RU,1611728944
427,Vigia,-0.8583,-48.1417,77.0,94,75,5.59,BR,1611728944
428,Alice Springs,-23.7,133.8833,95.0,38,75,9.22,AU,1611728731
429,Martil,35.6166,-5.2752,60.8,88,20,9.22,MA,1611728944
430,Conceição das Alagoas,-19.9147,-48.3883,68.5,87,98,5.08,BR,1611728945
431,Korla,41.7597,86.1469,31.01,73,0,1.54,CN,1611728945
432,Chilia Veche,45.4167,29.2833,30.2,100,90,28.77,RO,1611728945
433,Garden City,42.3256,-83.331,27.0,80,90,11.5,US,1611728768
434,Lorengau,-2.0226,147.2712,84.7,70,91,10.56,PG,1611728945
435,Opuwo,-18.0607,13.84,68.65,69,93,1.9,NA,1611728946
436,Talnakh,69.4865,88.3972,-18.56,86,100,3.22,RU,1611728946
437,Dunedin,-45.8742,170.5036,73.0,60,100,11.39,NZ,1611728773
438,Port-Gentil,-0.7193,8.7815,80.6,89,75,11.5,GA,1611728946
439,Nizhniy Ingash,56.2,96.53,-12.14,86,40,6.22,RU,1611728946
440,Abong Mbang,3.9833,13.1833,66.6,96,46,1.77,CM,1611728947
441,Carballo,43.213,-8.691,55.99,92,88,1.01,ES,1611728947
442,Wuwei,37.9281,102.6414,29.41,70,43,10.98,CN,1611728891
443,Zaraza,9.3503,-65.3245,71.42,89,24,3.42,VE,1611728947
444,Warora,20.2333,79.0,83.39,31,18,4.38,IN,1611728947
445,Chapais,49.7834,-74.8492,15.8,92,90,3.44,CA,1611728948
446,Sun Valley,39.5963,-119.776,30.99,59,90,8.05,US,1611728658
447,Sakaiminato,35.55,133.2333,51.8,58,75,9.22,JP,1611728719
448,Umeå,63.8284,20.2597,15.8,92,90,9.22,SE,1611728948
449,Portland,45.5234,-122.6762,39.99,81,90,20.71,US,1611728896
450,Verāval,20.9,70.3667,76.46,20,1,7.0,IN,1611728949
451,Yabēlo,4.8833,38.0833,66.67,27,4,18.97,ET,1611728949
452,Copiapó,-27.3667,-70.3333,62.6,82,90,8.05,CL,1611728949
453,Harper,4.375,-7.7169,77.09,87,73,5.01,LR,1611728930
454,Almeirim,-1.5233,-52.5817,74.16,94,100,4.5,BR,1611728686
455,Libertador General San Martín,-23.8064,-64.7876,70.0,98,44,1.01,AR,1611728950
456,Caibarién,22.5206,-79.4669,69.8,94,1,5.75,CU,1611728950
457,Severodvinsk,64.5635,39.8302,30.2,93,90,4.47,RU,1611728950
458,Chitipa,-9.7024,33.2697,66.61,89,100,1.79,MW,1611728950
459,Kez,57.8979,53.7152,19.04,97,100,7.2,RU,1611728950
460,Kavaratti,10.5669,72.642,80.96,72,45,12.21,IN,1611728950
461,Port Macquarie,-31.4333,152.9167,81.0,74,58,1.99,AU,1611728951
462,Jacareacanga,-6.2222,-57.7528,73.0,97,99,2.55,BR,1611728951
463,Goderich,43.7501,-81.7165,24.8,86,93,6.91,CA,1611728951
464,Nhulunbuy,-12.2333,136.7667,89.6,58,40,16.11,AU,1611728951
465,Mineros,-17.1167,-63.2333,73.4,94,75,14.97,BO,1611728952
466,Shahr-e Bābak,30.1165,55.1186,43.84,47,0,0.72,IR,1611728952
467,Gravelbourg,49.8834,-106.5512,-0.4,78,96,8.05,CA,1611728952
468,Muyezerskiy,63.9333,31.65,32.79,97,100,6.6,RU,1611728952
469,Alim,9.5649,122.4876,86.36,67,99,10.09,PH,1611728953
470,Vestmanna,62.1564,-7.1664,33.8,75,20,3.44,FO,1611728928
471,Kudahuvadhoo,2.6708,72.8944,80.69,74,98,16.02,MV,1611728953
472,Asău,46.4333,26.4,32.0,46,100,8.34,RO,1611728953
473,Havøysund,70.9963,24.6622,26.6,68,75,23.02,NO,1611728954
474,Aswān,24.0934,32.907,62.26,41,0,4.97,EG,1611728954
475,Redmond,47.674,-122.1215,41.0,77,100,1.01,US,1611728657
476,Ouro Sogui,15.6064,-13.3211,62.6,39,0,9.8,SN,1611728954
477,Geraldton,-28.7667,114.6,78.8,47,22,25.32,AU,1611728954
478,Polunochnoye,60.8697,60.4153,11.61,97,100,5.73,RU,1611728955
479,Rāvar,31.2656,56.8055,51.01,35,0,1.05,IR,1611728955
480,Arrondissement de Moulins,46.5,3.3333,35.01,80,90,5.75,FR,1611728892
481,Lexington,37.9887,-84.4777,35.01,69,90,10.36,US,1611728795
482,Tāybād,34.74,60.7756,44.87,49,92,0.69,IR,1611728956
483,Brewster,41.3973,-73.6171,28.4,93,90,1.48,US,1611728956
484,Port-Cartier,50.0334,-66.8654,26.6,68,92,5.75,CA,1611728814
485,Cabedelo,-6.9811,-34.8339,75.2,94,20,6.91,BR,1611728887
486,Marsh Harbour,26.5412,-77.0636,74.12,87,20,11.74,BS,1611728957
487,Balikpapan,-1.2675,116.8289,83.86,73,100,2.21,ID,1611728957
488,Port Augusta,-32.5,137.7667,84.99,53,83,10.36,AU,1611728957
489,Bonthe,7.5264,-12.505,75.42,86,20,2.8,SL,1611728951
490,Ankang,32.68,109.0172,52.41,40,99,1.3,CN,1611728957
491,Bathsheba,13.2167,-59.5167,77.0,73,40,14.97,BB,1611728958
492,Tadine,-21.55,167.8833,79.0,79,77,18.72,NC,1611728958
493,Jundiá,-8.9347,-35.5736,73.4,94,75,3.44,BR,1611728958
494,Sibu,2.3,111.8167,84.0,78,40,5.75,MY,1611728958
495,Aban,56.67,96.06,-17.01,86,53,8.68,RU,1611728958
496,College,64.8569,-147.8028,-9.99,76,1,3.44,US,1611728959
497,Burnie,-41.0667,145.9167,66.99,51,1,11.99,AU,1611728959
498,Trincomalee,8.5711,81.2335,79.45,68,95,13.8,LK,1611728688
499,Jizan,17.3333,42.6667,77.0,73,0,14.97,SA,1611728959
500,Rocha,-34.4833,-54.3333,72.34,82,100,8.16,UY,1611728959
501,Bata,1.8639,9.7658,78.8,100,40,4.9,GQ,1611728960
502,Mitsamiouli,-11.3847,43.2844,82.63,66,33,3.87,KM,1611728960
503,Olafsvik,64.8945,-23.7142,28.54,88,100,21.03,IS,1611728960
504,Bontang,0.1333,117.5,85.06,67,73,4.27,ID,1611728960
505,Vera Cruz,-12.6333,-41.0333,69.8,88,75,3.44,BR,1611728692
506,Gubkinskiy,64.434,76.5026,-33.38,82,48,11.97,RU,1611728961
507,Poum,-20.2333,164.0167,81.37,74,86,11.21,NC,1611728961
508,Karligan,14.975,122.0456,78.94,83,99,17.2,PH,1611728961
509,Lufilufi,-13.8745,-171.5986,71.6,100,90,9.22,WS,1611728962
510,Neuquén,-38.9516,-68.0591,69.8,35,0,8.05,AR,1611728956
511,Narragansett,41.4501,-71.4495,32.0,100,90,6.91,US,1611728962
512,Alekseyevsk,57.8406,108.3492,-19.61,82,91,3.27,RU,1611728962
513,Fare,-16.7,-151.0167,80.98,75,90,20.6,PF,1611728962
514,Karratha,-20.7377,116.8463,101.03,16,1,14.52,AU,1611728963
515,Callaway,30.153,-85.5699,69.01,98,2,4.0,US,1611728963
516,Bubaque,11.2833,-15.8333,77.34,61,0,8.95,GW,1611728963
517,Murakeresztúr,46.3642,16.8818,32.0,80,0,4.61,HU,1611728963
518,Yuxia,34.0615,108.6291,51.8,37,68,13.42,CN,1611728963
519,Kapuskasing,49.4169,-82.4331,-0.4,85,90,3.44,CA,1611728964
520,Sinnamary,5.3833,-52.95,76.77,86,98,14.12,GF,1611728964
521,Timrå,62.487,17.3257,10.99,85,0,3.44,SE,1611728964
522,Huarmey,-10.0681,-78.1522,71.08,80,100,9.53,PE,1611728964
523,Caiapônia,-16.9567,-51.8103,68.27,87,99,1.86,BR,1611728965
524,Caronport,50.4501,-105.8179,-9.4,84,100,13.8,CA,1611728940
525,Suez,29.9737,32.5263,57.78,35,100,2.57,EG,1611728965
526,Atikokan,48.7555,-91.6216,-18.29,87,1,4.25,CA,1611728965
527,Kokopo,-4.352,152.2633,85.35,68,98,11.34,PG,1611728965
528,Watrous,51.6668,-105.4679,-13.0,77,100,12.66,CA,1611728966
529,Ternate,0.8,127.4,82.53,73,97,7.78,ID,1611728966
530,Vágur,61.4732,-6.8119,39.31,73,38,17.74,FO,1611728966
531,Sola,-13.8833,167.55,78.8,83,90,11.5,VU,1611728966
532,Gorin,51.1983,136.6669,-6.05,88,100,8.79,RU,1611728966
533,San Juan,-31.5375,-68.5364,82.35,36,4,9.6,AR,1611728967
534,Ateptsevo,55.3236,36.75,33.8,64,75,20.13,RU,1611728967
535,Khani,41.9563,42.9566,57.2,26,0,26.46,GE,1611728967
536,São Félix do Xingu,-6.6447,-51.995,72.07,97,100,1.25,BR,1611728967
537,Madera,37.1666,-119.8343,44.01,53,100,5.01,US,1611728967
538,Voznesen'ye,61.0106,35.4781,28.2,97,100,7.63,RU,1611728968
539,Basco,20.4487,121.9702,72.97,74,2,15.59,PH,1611728968
540,Cap Malheureux,-19.9842,57.6142,84.99,63,2,5.01,MU,1611728968
541,Şebinkarahisar,40.2883,38.4236,28.13,87,91,6.35,TR,1611728968
542,Jimeta,9.2833,12.4667,70.97,22,77,1.99,NG,1611728969
543,Kyabé,9.4515,18.9449,73.81,20,57,7.65,TD,1611728969
544,Narok,-1.0783,35.8601,64.76,45,0,3.83,KE,1611728969
545,Bakhmach,51.1808,32.7569,29.64,95,100,4.81,UA,1611728969
546,Palauig,15.435,119.9045,83.3,73,99,6.26,PH,1611728969
547,Akdepe,42.0551,59.3788,26.6,74,0,6.91,TM,1611728970
548,Ajdabiya,30.7554,20.2263,56.82,63,47,18.59,LY,1611728841
549,Loandjili,-4.7561,11.8578,77.0,94,20,2.3,CG,1611728970
550,Tingo María,-9.2895,-76.0088,69.87,83,100,1.3,PE,1611728970
551,Ulaanbaatar,47.9077,106.8832,-7.6,64,40,13.42,MN,1611728970
552,Beringovskiy,63.05,179.3167,7.63,95,100,18.9,RU,1611728971
553,Inta,66.0317,60.1659,-19.37,84,100,13.78,RU,1611728971
554,Emerald,-23.5333,148.1667,98.6,25,40,12.66,AU,1611728971
555,Maïné Soroa,13.2114,12.0241,65.57,21,100,12.06,NE,1611728971
556,Phang Nga,8.4509,98.5298,89.6,58,20,11.5,TH,1611728971
557,Obo,5.3998,26.4869,75.22,33,46,1.59,CF,1611728972
558,Matara,5.9485,80.5353,84.25,55,88,1.61,LK,1611728972
559,Kamenka,51.3223,42.7678,33.01,97,100,19.53,RU,1611728972
560,Raja,8.4596,25.678,71.73,25,12,4.61,SS,1611728972
561,Khilok,51.3674,110.4676,-10.93,84,100,10.6,RU,1611728972
562,Camacupa,-12.0167,17.4833,63.34,94,99,1.81,AO,1611728973
563,Pacific Grove,36.6177,-121.9166,53.01,66,75,16.11,US,1611728851
564,Mitú,1.1983,-70.1733,70.92,97,99,0.87,CO,1611728973
565,Bertoua,4.5833,13.6833,66.22,82,61,3.56,CM,1611728973
566,Estelle,29.8458,-90.1067,71.01,87,90,12.66,US,1611728973
567,Catemaco,18.4167,-95.1167,69.55,78,0,3.53,MX,1611728974
568,Terracina,41.2863,13.2217,30.99,100,20,2.3,IT,1611728974
569,Winslow,35.0242,-110.6974,17.6,79,1,8.05,US,1611728974
570,Novy Urengoy,66.0833,76.6333,-36.15,82,80,9.71,RU,1611728974
571,Boromo,11.75,-2.9333,67.26,20,32,7.99,BF,1611728975
572,Lamu,-2.2717,40.902,80.6,78,1,6.91,KE,1611728975
573,Bambanglipuro,-7.95,110.2833,83.05,75,94,9.48,ID,1611728975
574,Derzhavīnsk,51.1,66.3167,23.45,98,99,14.29,KZ,1611728975
575,Tripoli,32.8752,13.1875,53.89,66,25,12.91,LY,1611728976
576,Waitati,-45.75,170.5667,71.01,61,100,18.01,NZ,1611728976
577,Lewisporte,49.2499,-55.0482,28.4,93,90,21.85,CA,1611728976
578,Dhidhdhoo,6.8833,73.1,81.36,59,100,8.41,MV,1611728976
579,Maxixe,-23.8597,35.3472,86.0,79,40,9.22,MZ,1611728977
580,Sorong,-0.8833,131.25,81.37,76,97,7.96,ID,1611728977
581,Narsaq,60.9167,-46.05,11.19,77,0,6.22,GL,1611728900
